
ConsumptionHistoryDataFrame{initialDate=Fri Apr 15 02:00:00 CEST 2016, initialReadout=8886.39, readoutDelta=[0.0, 0.0, 0.0, 0.0, 0.0, 0.0, 0.0, 0.0, 0.0, 0.0, 0.0, 0.0, 0.0, 0.0, 0.0, 0.0, 0.0, 0.0, 0.0, 0.0, 0.0, 0.0, 0.0, 0.0, 0.0, 0.0, 0.0, 0.0, 0.0, 0.0, 0.0, 0.0, 0.0, 0.0, 0.0, 0.0, 0.0, 0.0, 0.0, 0.0, 0.0, 0.0, 0.0, 0.0, 0.0, 0.0, 0.0, 0.0, 0.0, 0.0, 0.0, 0.0, 0.0, 0.0, 0.0, 0.0, 0.0, 0.0, 0.0, 0.0, 0.0, 0.0, 0.0, 0.0, 0.0, 0.0, 0.0, 0.0, 0.0, 0.0, 0.0, 0.0, 0.0, 0.0, 0.0, 0.0, 0.0, 0.0, 0.0, 0.0, 0.0, 0.03, 0.04, 0.04, 0.04, 0.0, 0.0, 366.94, 0.04, 0.03, 0.02, 0.02, 0.02, 0.02, 0.02, 0.04]}


ConsumptionHistoryDataFrame{initialDate=Sat Apr 16 02:00:00 CEST 2016, initialReadout=8886.83, readoutDelta=[0.04, 0.03, 0.02, 0.03, 0.03, 0.01, 0.01, 0.01, 0.01, 0.01, 0.02, 0.03, 0.03, 0.03, 0.03, 0.05, 0.02, 0.03, 0.02, 0.08, 0.01, 0.01, 0.01, 0.01, 0.02, 0.03, 0.03, 0.03, 0.02, 0.03, 0.02, 0.01, 0.01, 0.01, 0.01, 0.01, 0.02, 0.29, 0.21, 0.21, 0.19, 0.16, 0.06, 0.08, 0.08, 0.1, 0.05, 0.21, 0.11, 0.06, 0.06, 0.08, 0.07, 0.07, 0.15, 0.05, 0.04, 0.02, 0.03, 0.08, 0.33, 0.32, 0.79, 0.3, 0.1, 0.07, 0.08, 0.43, 0.04, 0.04, 0.12, 0.05, 0.05, 0.04, 0.05, 0.08, 0.04, 0.04, 0.11, 0.04, 0.05, 0.04, 0.03, 0.02, 0.03, 0.02, 0.02, 0.03, 0.03, 0.03, 0.03, 0.03, 0.03, 0.02, 0.01, 0.01]}


ConsumptionHistoryDataFrame{initialDate=Sun Apr 17 02:00:00 CEST 2016, initialReadout=8893.67, readoutDelta=[0.01, 0.01, 0.01, 0.03, 0.03, 0.02, 0.03, 0.03, 0.03, 0.02, 0.01, 0.01, 0.01, 0.01, 0.01, 0.02, 0.03, 0.03, 0.03, 0.02, 0.03, 0.03, 0.0, 0.01, 0.01, 0.02, 0.01, 0.2, 0.16, 0.27, 0.05, 0.14, 0.21, 0.04, 0.04, 0.02, 0.01, 0.01, 0.01, 0.01, 0.03, 0.03, 0.03, 0.03, 0.02, 0.03, 0.03, 0.02, 0.02, 0.01, 0.01, 0.01, 0.01, 0.01, 0.03, 0.03, 0.02, 0.04, 0.06, 0.11, 0.09, 0.25, 0.28, 0.35, 0.1, 0.09, 0.48, 0.18, 0.09, 0.06, 0.26, 0.08, 0.14, 0.34, 0.05, 0.05, 0.13, 0.04, 0.02, 0.04, 0.05, 0.04, 0.07, 0.09, 0.03, 0.02, 0.01, 0.01, 0.01, 0.01, 0.02, 0.03, 0.03, 0.03, 0.03, 0.03]}


ConsumptionHistoryDataFrame{initialDate=Mon Apr 18 02:00:00 CEST 2016, initialReadout=8899.56, readoutDelta=[0.03, 0.02, 0.01, 0.01, 0.01, 0.01, 0.01, 0.01, 0.03, 0.03, 0.03, 0.03, 0.02, 0.03, 0.02, 0.01, 0.01, 0.01, 0.01, 0.01, 0.12, 0.04, 0.04, 0.04, 0.04, 0.03, 0.03, 0.01, 0.01, 0.01, 0.01, 0.01, 0.04, 0.06, 0.05, 0.06, 0.05, 0.05, 0.04, 0.03, 0.01, 0.01, 0.01, 0.0, 0.01, 0.02, 0.03, 0.02, 0.03, 0.03, 0.03, 0.01, 0.01, 0.01, 0.01, 0.01, 0.01, 0.04, 0.04, 0.04, 0.05, 0.05, 0.06, 0.03, 0.03, 0.03, 0.12, 0.08, 0.06, 0.09, 0.08, 0.08, 0.14, 0.06, 0.04, 0.03, 0.02, 0.24, 0.16, 0.04, 0.04, 0.41, 0.04, 0.04, 0.05, 0.04, 0.04, 0.03, 0.03, 0.01, 0.02, 0.01, 0.01, 0.04, 0.03, 0.02]}


ConsumptionHistoryDataFrame{initialDate=Tue Apr 19 02:00:00 CEST 2016, initialReadout=8903.41, readoutDelta=[0.03, 0.03, 0.02, 0.01, 0.01, 0.01, 0.01, 0.01, 0.03, 0.03, 0.03, 0.02, 0.03, 0.03, 0.01, 0.01, 0.01, 0.01, 0.01, 0.09, 0.05, 0.05, 0.05, 0.05, 0.05, 0.04, 0.01, 0.01, 0.01, 0.01, 0.02, 0.02, 0.03, 0.03, 0.03, 0.02, 0.03, 0.02, 0.0, 0.01, 0.01, 0.01, 0.01, 0.03, 0.02, 0.03, 0.03, 0.03, 0.01, 0.01, 0.01, 0.01, 0.01, 0.01, 0.03, 0.03, 0.02, 0.03, 0.04, 0.05, 0.05, 0.04, 0.07, 0.12, 0.03, 0.02, 0.11, 0.48, 0.24, 0.06, 0.05, 0.06, 0.03, 0.03, 0.02, 0.3, 0.45, 0.04, 0.04, 0.04, 0.04, 0.04, 0.01, 0.01, 0.01, 0.01, 0.01, 0.03, 0.03, 0.03, 0.03, 0.03, 0.03, 0.01, 0.02, 0.03]}


ConsumptionHistoryDataFrame{initialDate=Wed Apr 20 02:00:00 CEST 2016, initialReadout=8907.47, readoutDelta=[0.03, 0.02, 0.03, 0.03, 0.03, 0.03, 0.03, 0.02, 0.03, 0.02, 0.01, 0.0, 0.01, 0.01, 0.01, 0.03, 0.03, 0.02, 0.03, 0.03, 0.12, 0.03, 0.02, 0.02, 0.02, 0.02, 0.05, 0.04, 0.03, 0.03, 0.03, 0.02, 0.03, 0.02, 0.01, 0.01, 0.01, 0.01, 0.01, 0.02, 0.03, 0.03, 0.02, 0.03, 0.02, 0.01, 0.01, 0.01, 0.01, 0.01, 0.02, 0.03, 0.02, 0.03, 0.03, 0.01, 0.01, 0.02, 0.19, 0.54, 0.17, 0.18, 0.15, 0.08, 0.32, 0.22, 0.18, 0.13, 0.09, 0.03, 0.04, 0.04, 0.06, 0.07, 0.08, 0.09, 0.04, 0.04, 0.04, 0.04, 0.06, 0.05, 0.03, 0.03, 0.02, 0.02, 0.01, 0.01, 0.01, 0.01, 0.02, 0.03, 0.03, 0.02, 0.03, 0.01]}


ConsumptionHistoryDataFrame{initialDate=Thu Apr 21 02:00:00 CEST 2016, initialReadout=8912.03, readoutDelta=[0.01, 0.01, 0.01, 0.01, 0.03, 0.03, 0.02, 0.03, 0.02, 0.01, 0.01, 0.01, 0.01, 0.01, 0.03, 0.02, 0.03, 0.03, 0.02, 0.17, 0.08, 0.28, 0.06, 0.09, 0.18, 0.41, 0.04, 0.06, 0.06, 0.04, 0.01, 0.03, 0.01, 0.01, 0.01, 0.03, 0.03, 0.03, 0.02, 0.03, 0.03, 0.01, 0.01, 0.01, 0.01, 0.01, 0.01, 0.03, 0.03, 0.03, 0.02, 0.03, 0.0, 0.01, 0.01, 0.01, 0.01, 0.03, 0.07, 0.04, 0.08, 0.03, 0.04, 0.16, 0.03, 0.15, 0.61, 0.36, 0.24, 0.11, 0.1, 0.04, 0.07, 0.05, 0.05, 0.02, 0.44, 0.69, 0.55, 0.07, 0.11, 0.09, 0.08, 0.29, 0.28, 0.28, 0.25, 0.08, 0.02, 0.03, 0.03, 0.03, 0.03, 0.03, 0.02, 0.01]}


ConsumptionHistoryDataFrame{initialDate=Fri Apr 22 02:00:00 CEST 2016, initialReadout=8920.02, readoutDelta=[0.01, 0.01, 0.01, 0.02, 0.03, 0.03, 0.03, 0.02, 0.03, 0.01, 0.01, 0.01, 0.01, 0.0, 0.03, 0.03, 0.06, 0.08, 0.06, 0.06, 0.19, 0.05, 0.02, 0.04, 0.05, 0.05, 0.05, 0.07, 0.05, 0.06, 0.01, 0.03, 0.01, 0.01, 0.01, 0.01, 0.03, 0.03, 0.03, 0.02, 0.03, 0.01, 0.01, 0.01, 0.01, 0.01, 0.01, 0.03, 0.03, 0.03, 0.02, 0.03, 0.03, 0.02, 0.01, 0.01, 0.01, 0.01, 0.01, 0.01, 0.03, 0.13, 0.04, 0.04, 0.04, 0.09, 0.09, 0.23, 0.52, 0.16, 0.1, 0.06, 0.11, 0.08, 0.5, 0.08, 0.09, 0.07, 0.08, 0.04, 0.25, 0.2, 0.12, 0.04, 0.14, 0.36, 0.02, 0.01, 0.01, 0.01, 0.01, 0.01, 0.03, 0.03, 0.03, 0.02]}


ConsumptionHistoryDataFrame{initialDate=Sat Apr 23 02:00:00 CEST 2016, initialReadout=8925.6, readoutDelta=[0.03, 0.03, 0.01, 0.01, 0.0, 0.01, 0.01, 0.03, 0.02, 0.03, 0.03, 0.03, 0.02, 0.01, 0.01, 0.01, 0.01, 0.04, 0.08, 0.07, 0.08, 0.22, 0.28, 0.15, 0.05, 0.08, 0.33, 0.47, 0.1, 0.09, 0.1, 0.07, 0.05, 0.07, 0.29, 0.31, 0.28, 0.25, 0.24, 0.07, 0.04, 0.03, 0.03, 0.24, 0.12, 0.05, 0.02, 0.01, 0.22, 0.27, 0.32, 0.22, 0.06, 0.04, 0.04, 0.25, 0.16, 0.07, 0.02, 0.02, 0.38, 0.02, 0.12, 0.29, 0.15, 0.06, 0.08, 0.09, 0.06, 0.16, 0.09, 0.12, 0.06, 0.08, 0.08, 0.07, 0.05, 0.07, 0.07, 0.05, 0.01, 0.01, 0.01, 0.01, 0.01, 0.03, 0.03, 0.03, 0.03, 0.02, 0.02, 0.01, 0.01, 0.01, 0.01, 0.02]}


ConsumptionHistoryDataFrame{initialDate=Sun Apr 24 02:00:00 CEST 2016, initialReadout=8934.32, readoutDelta=[0.03, 0.02, 0.03, 0.03, 0.01, 0.01, 0.01, 0.01, 0.01, 0.02, 0.03, 0.03, 0.03, 0.02, 0.02, 0.01, 0.01, 0.06, 0.08, 0.05, 0.09, 0.09, 0.06, 0.05, 0.17, 0.49, 0.07, 0.03, 0.29, 0.53, 0.72, 0.08, 0.27, 0.35, 0.09, 0.08, 0.4, 0.11, 0.05, 0.21, 0.07, 0.05, 0.03, 0.03, 0.02, 0.01, 0.01, 0.0, 0.01, 0.02, 0.03, 0.4, 0.32, 0.04, 0.04, 0.04, 0.02, 0.03, 0.05, 0.04, 0.09, 0.07, 0.06, 0.14, 0.57, 0.35, 0.61, 0.51, 0.21, 0.08, 0.18, 0.12, 0.12, 0.1, 0.07, 0.06, 0.25, 0.27, 0.11, 0.03, 0.09, 0.3, 0.01, 0.02, 0.03, 0.02, 0.03, 0.03, 0.03, 0.01, 0.01, 0.0, 0.02, 0.03, 0.03, 0.03]}


ConsumptionHistoryDataFrame{initialDate=Mon Apr 25 02:00:00 CEST 2016, initialReadout=8945.02, readoutDelta=[0.02, 0.02, 0.01, 0.01, 0.01, 0.01, 0.02, 0.03, 0.02, 0.03, 0.02, 0.01, 0.01, 0.01, 0.01, 0.01, 0.1, 0.1, 0.07, 0.15, 0.06, 0.06, 0.02, 0.04, 0.06, 0.07, 0.04, 0.07, 0.06, 0.05, 0.01, 0.03, 0.01, 0.01, 0.01, 0.02, 0.03, 0.03, 0.03, 0.02, 0.01, 0.0, 0.01, 0.01, 0.01, 0.03, 0.03, 0.03, 0.02, 0.03, 0.02, 0.01, 0.0, 0.01, 0.01, 0.01, 0.03, 0.04, 0.06, 0.05, 0.05, 0.04, 0.03, 0.04, 0.3, 0.49, 0.29, 0.1, 0.13, 0.17, 0.16, 0.28, 0.1, 0.09, 0.05, 0.05, 0.07, 0.06, 0.07, 0.04, 0.28, 0.15, 0.05, 0.02, 0.33, 0.08, 0.02, 0.03, 0.03, 0.03, 0.02, 0.02, 0.01, 0.01, 0.01, 0.01]}


ConsumptionHistoryDataFrame{initialDate=Tue Apr 26 02:00:00 CEST 2016, initialReadout=8950.55, readoutDelta=[0.01, 0.03, 0.03, 0.03, 0.02, 0.01, 0.01, 0.01, 0.01, 0.01, 0.02, 0.03, 0.03, 0.03, 0.01, 0.01, 0.09, 0.08, 0.05, 0.13, 0.09, 0.09, 0.05, 0.07, 0.09, 0.04, 0.02, 0.03, 0.04, 0.04, 0.02, 0.06, 0.02, 0.03, 0.02, 0.01, 0.01, 0.01, 0.01, 0.01, 0.02, 0.03, 0.03, 0.02, 0.03, 0.01, 0.01, 0.01, 0.0, 0.01, 0.03, 0.02, 0.03, 0.03, 0.03, 0.01, 0.02, 0.02, 0.02, 0.03, 0.03, 0.05, 0.04, 0.04, 0.15, 0.24, 0.69, 0.78, 0.12, 0.14, 0.17, 0.09, 0.11, 0.09, 0.13, 0.04, 0.08, 0.08, 0.51, 0.51, 0.49, 0.34, 0.18, 0.2, 0.35, 0.05, 0.09, 0.02, 0.01, 0.01, 0.01, 0.01, 0.02, 0.03, 0.03, 0.03]}


ConsumptionHistoryDataFrame{initialDate=Wed Apr 27 02:00:00 CEST 2016, initialReadout=8958.33, readoutDelta=[0.02, 0.02, 0.01, 0.01, 0.01, 0.01, 0.01, 0.03, 0.03, 0.03, 0.03, 0.02, 0.01, 0.01, 0.01, 0.01, 0.07, 0.08, 0.34, 0.26, 0.17, 0.19, 0.07, 0.1, 0.09, 0.06, 0.03, 0.04, 0.05, 0.05, 0.04, 0.05, 0.02, 0.01, 0.01, 0.01, 0.01, 0.01, 0.02, 0.03, 0.03, 0.02, 0.03, 0.02, 0.01, 0.01, 0.01, 0.01, 0.01, 0.01, 0.03, 0.03, 0.03, 0.02, 0.01, 0.01, 0.03, 0.03, 0.1, 0.06, 0.05, 0.15, 0.05, 0.13, 0.06, 0.1, 0.09, 0.05, 0.04, 0.04, 0.08, 0.03, 0.06, 0.07, 0.15, 0.04, 0.05, 0.05, 0.05, 0.09, 0.11, 0.06, 0.05, 0.04, 0.04, 0.02, 0.01, 0.01, 0.01, 0.01, 0.0, 0.03, 0.03, 0.03, 0.02, 0.02]}


ConsumptionHistoryDataFrame{initialDate=Thu Apr 28 02:00:00 CEST 2016, initialReadout=8962.84, readoutDelta=[0.01, 0.01, 0.01, 0.01, 0.01, 0.02, 0.03, 0.03, 0.03, 0.02, 0.01, 0.01, 0.01, 0.12, 0.03, 0.02, 0.1, 0.11, 0.07, 0.11, 0.09, 0.1, 0.02, 0.05, 0.04, 0.05, 0.02, 0.06, 0.06, 0.06, 0.04, 0.05, 0.02, 0.01, 0.02, 0.01, 0.01, 0.02, 0.04, 0.03, 0.03, 0.03, 0.01, 0.02, 0.01, 0.01, 0.02, 0.02, 0.03, 0.04, 0.03, 0.03, 0.02, 0.01, 0.01, 0.02, 0.01, 0.01, 0.15, 0.03, 0.28, 0.05, 0.11, 0.03, 0.15, 0.16, 0.09, 0.09, 0.11, 0.08, 0.15, 0.13, 0.41, 0.18, 0.48, 0.07, 0.09, 0.32, 0.22, 0.2, 0.12, 0.12, 0.3, 0.21, 0.05, 0.01, 0.01, 0.01, 0.01, 0.01, 0.03, 0.03, 0.03, 0.03, 0.01, 0.01]}


